#! FIELDS psi file.free der_psi
#! SET min_psi -pi
#! SET max_psi pi
#! SET nbins_psi  178
#! SET periodic_psi true
   -3.141592654  -24.957992426   27.435245518
   -3.106293860  -24.076647586   22.070552138
   -3.070995066  -23.410593222   15.650374164
   -3.035696272  -22.950710183   10.755681353
   -3.000397478  -22.605839777    9.405485329
   -2.965098684  -22.235470100   11.989625105
   -2.929799890  -21.719611012   17.406476353
   -2.894501097  -21.008176203   22.497357086
   -2.859202303  -20.168603774   24.146859386
   -2.823903509  -19.360073391   20.679235616
   -2.788604715  -18.754898633   12.978610238
   -2.753305921  -18.452035731    4.245201001
   -2.718007127  -18.422118543   -1.969829034
   -2.682708333  -18.535003485   -3.707998021
   -2.647409540  -18.634366550   -1.467606203
   -2.612110746  -18.616568588    2.455477160
   -2.576811952  -18.467420057    5.617528175
   -2.541513158  -18.250805957    5.975281561
   -2.506214364  -18.088047952    2.470219723
   -2.470915570  -18.121475468   -5.034749179
   -2.435616776  -18.468568272  -14.868360548
   -2.400317983  -19.155120430  -23.457271281
   -2.365019189  -20.061706008  -26.757859149
   -2.329720395  -20.949685551  -22.327014949
   -2.294421601  -21.561699824  -11.701936890
   -2.259122807  -21.758815073    0.132367756
   -2.223824013  -21.605532283    7.299413310
   -2.188525219  -21.338479564    6.438863829
   -2.153226425  -21.231952209   -1.270642893
   -2.117927632  -21.447976194  -10.785609583
   -2.082628838  -21.946012149  -16.548053043
   -2.047330044  -22.537766774  -16.021703939
   -2.012031250  -23.023188225  -11.160393145
   -1.976732456  -23.326550197   -6.407660427
   -1.941433662  -23.518248712   -5.238599621
   -1.906134868  -23.743619007   -8.181217601
   -1.870836075  -24.120904755  -13.416114920
   -1.835537281  -24.688029510  -18.575080624
   -1.800238487  -25.404440136  -21.607463733
   -1.764939693  -26.169497046  -21.099246811
   -1.729640899  -26.849666007  -16.971412045
   -1.694342105  -27.349498451  -11.438616761
   -1.659043311  -27.689293879   -8.756385891
   -1.623744518  -28.038342695  -12.266621068
   -1.588445724  -28.621443594  -21.457678011
   -1.553146930  -29.560722622  -31.416683261
   -1.517848136  -30.775670519  -36.191451180
   -1.482549342  -32.018496381  -33.030381309
   -1.447250548  -33.032298845  -23.756631811
   -1.411951754  -33.678235088  -13.053884176
   -1.376652961  -33.983911356   -4.971232113
   -1.341354167  -34.075912158   -0.922228089
   -1.306055373  -34.087403037   -0.297130929
   -1.270756579  -34.113205235   -1.552090268
   -1.235457785  -34.202169326   -3.744666506
   -1.200158991  -34.382962850   -6.549751519
   -1.164860197  -34.665885690   -9.461247035
   -1.129561404  -35.030869015  -10.991640428
   -1.094262610  -35.408650038  -10.080869897
   -1.058963816  -35.717540167   -7.375767731
   -1.023665022  -35.931879418   -5.213655450
   -0.988366228  -36.119282439   -6.157537227
   -0.953067434  -36.405695133  -10.565046640
   -0.917768640  -36.872383272  -15.800392819
   -0.882469847  -37.477967416  -17.747376129
   -0.847171053  -38.048701802  -13.576911120
   -0.811872259  -38.363086493   -3.692669806
   -0.776573465  -38.284921930    7.780179615
   -0.741274671  -37.861428958   15.040260117
   -0.705975877  -37.315675170   14.329802444
   -0.670677083  -36.928745435    6.676532324
   -0.635378289  -36.859958644   -2.638541758
   -0.600079496  -37.058068807   -7.510757590
   -0.564780702  -37.304726890   -5.518482422
   -0.529481908  -37.388091569    1.050239932
   -0.494183114  -37.231764868    7.204023403
   -0.458884320  -36.921928348    9.504559334
   -0.423585526  -36.601914633    8.104633753
   -0.388286732  -36.360298642    5.438973963
   -0.352987939  -36.200120083    3.712207842
   -0.317689145  -36.080762933    3.048443408
   -0.282390351  -35.983247025    2.289675446
   -0.247091557  -35.923657663    0.937306526
   -0.211792763  -35.905683996    0.276825771
   -0.176493969  -35.867958646    2.350644063
   -0.141195175  -35.692790410    7.929511969
   -0.105896382  -35.282409747   15.126593608
   -0.070597588  -34.647834178   20.055777427
   -0.035298794  -33.927244715   19.617394990
    0.000000000  -33.312869356   14.556391631
    0.035298794  -32.903967479    8.826259085
    0.070597588  -32.637858664    6.964702028
    0.105896382  -32.337754311   10.783313433
    0.141195175  -31.831064766   18.100397723
    0.176493969  -31.064850314   24.739842925
    0.211792763  -30.130048364   27.239735396
    0.247091557  -29.200498665   24.505164182
    0.282390351  -28.443663527   17.621871803
    0.317689145  -27.966680545    9.254180432
    0.352987939  -27.774262811    1.862259607
    0.388286732  -27.797001552   -2.664200667
    0.423585526  -27.922642161   -4.065063691
    0.458884320  -28.054377453   -3.369054040
    0.494183114  -28.147890106   -2.023324345
    0.529481908  -28.196532264   -0.900244550
    0.564780702  -28.209324537    0.023036539
    0.600079496  -28.191021543    0.899106014
    0.635378289  -28.151235559    1.129543495
    0.670677083  -28.124205962    0.136843970
    0.705975877  -28.145292366   -1.437647588
    0.741274671  -28.211618694   -2.129036848
    0.776573465  -28.269146294   -0.866714000
    0.811872259  -28.252391807    1.818176282
    0.847171053  -28.139822900    4.200379134
    0.882469847  -27.971211375    4.982690465
    0.917768640  -27.802486967    4.384231567
    0.953067434  -27.662271899    3.594641210
    0.988366228  -27.533556521    3.738789123
    1.023665022  -27.382384634    4.794792665
    1.058963816  -27.192625202    5.688372977
    1.094262610  -26.991763778    5.393919550
    1.129561404  -26.825800892    3.757964267
    1.164860197  -26.728405120    1.697000880
    1.200158991  -26.690283334    0.530683269
    1.235457785  -26.663781128    1.148782007
    1.270756579  -26.590036346    3.122352322
    1.306055373  -26.435484554    5.433265379
    1.341354167  -26.206157947    7.376037123
    1.376652961  -25.917643207    8.765287310
    1.411951754  -25.584760352   10.041302877
    1.447250548  -25.207741821   11.229263840
    1.482549342  -24.800830098   11.431141366
    1.517848136  -24.418886719    9.738304730
    1.553146930  -24.139108931    5.729387395
    1.588445724  -24.024016865    0.610419706
    1.623744518  -24.076267412   -3.202961150
    1.659043311  -24.211575446   -3.896171950
    1.694342105  -24.306158431   -1.120242371
    1.729640899  -24.264053143    3.543583252
    1.764939693  -24.071406298    6.771853530
    1.800238487  -23.832289612    5.849213695
    1.835537281  -23.713899517    0.057788818
    1.870836075  -23.858606448   -8.448948769
    1.906134868  -24.293613726  -15.817363764
    1.941433662  -24.918175158  -18.684716990
    1.976732456  -25.551483543  -16.574885274
    2.012031250  -26.053070528  -11.769694756
    2.047330044  -26.385890609   -7.468540016
    2.082628838  -26.606608696   -5.570344701
    2.117927632  -26.796511447   -5.444269095
    2.153226425  -26.985016375   -5.183163476
    2.188525219  -27.139445659   -3.307843001
    2.223824013  -27.201301845   -0.169221531
    2.259122807  -27.153306589    2.605992077
    2.294421601  -27.043764473    3.023280062
    2.329720395  -26.980209002    0.001936414
    2.365019189  -27.076698407   -5.967796583
    2.400317983  -27.405221652  -12.608202552
    2.435616776  -27.937972777  -17.123037390
    2.470915570  -28.559110438  -17.328284343
    2.506214364  -29.109543744  -13.412868771
    2.541513158  -29.478366072   -7.491358002
    2.576811952  -29.647380011   -2.504474237
    2.612110746  -29.681056895    0.078174254
    2.647409540  -29.658682241    0.930950046
    2.682708333  -29.616396653    1.393357174
    2.718007127  -29.554072945    2.088723923
    2.753305921  -29.471080628    2.360785726
    2.788604715  -29.397050110    1.540106432
    2.823903509  -29.367637953   -0.030366814
    2.859202303  -29.388867251   -1.008411359
    2.894501097  -29.411793322    0.054371135
    2.929799890  -29.350254698    3.639655049
    2.965098684  -29.121120320    9.545921915
    3.000397478  -28.659269159   16.649482793
    3.035696272  -27.946665209   23.442074080
    3.070995066  -27.022549227   28.326883402
    3.106293860  -25.983350965   29.857741778
