#! FIELDS phi file.free der_phi
#! SET min_phi -pi
#! SET max_phi pi
#! SET nbins_phi  178
#! SET periodic_phi true
   -3.141592654  -30.037621762  -47.667344876
   -3.106293860  -31.595197808  -40.400095726
   -3.070995066  -32.894820761  -33.482959991
   -3.035696272  -33.991078070  -29.211539569
   -3.000397478  -35.000998546  -28.537971413
   -2.965098684  -36.028599027  -29.811951961
   -2.929799890  -37.086542479  -29.663328347
   -2.894501097  -38.079837685  -26.129785849
   -2.859202303  -38.901255947  -20.320655665
   -2.823903509  -39.528778544  -15.880062125
   -2.788604715  -40.063982442  -15.173103346
   -2.753305921  -40.630178691  -17.066516659
   -2.718007127  -41.250676963  -17.579198384
   -2.682708333  -41.806306230  -13.154760547
   -2.647409540  -42.120351759   -4.296630526
   -2.612110746  -42.110302142    4.222817131
   -2.576811952  -41.887948298    6.980470136
   -2.541513158  -41.705059148    2.216206980
   -2.506214364  -41.777769472   -6.602037987
   -2.470915570  -42.137796794  -13.170394824
   -2.435616776  -42.619907243  -13.080023954
   -2.400317983  -42.985391800   -7.079937721
   -2.365019189  -43.091162715    0.952142037
   -2.329720395  -42.939407544    7.066806979
   -2.294421601  -42.619923259   10.499480796
   -2.259122807  -42.205130191   12.802985326
   -2.223824013  -41.711164375   15.065689168
   -2.188525219  -41.147027737   16.401041818
   -2.153226425  -40.583329147   14.811901887
   -2.117927632  -40.144924583    9.352043353
   -2.082628838  -39.944132571    1.796102134
   -2.047330044  -39.995975305   -4.366939620
   -2.012031250  -40.199601577   -6.640478485
   -1.976732456  -40.413926055   -5.251631134
   -1.941433662  -40.548656467   -2.597984176
   -1.906134868  -40.603471126   -0.898376011
   -1.870836075  -40.624136578   -0.488353449
   -1.835537281  -40.637912855   -0.465421488
   -1.800238487  -40.646062777   -0.146290489
   -1.764939693  -40.641510508    0.271167358
   -1.729640899  -40.631255320    0.168369806
   -1.694342105  -40.629922260   -0.295521024
   -1.659043311  -40.650302274   -1.059669538
   -1.623744518  -40.717082759   -3.174665508
   -1.588445724  -40.897311810   -7.706884703
   -1.553146930  -41.274622255  -13.863727235
   -1.517848136  -41.862604158  -19.200086026
   -1.482549342  -42.577444521  -20.564696107
   -1.447250548  -43.254642262  -17.129384681
   -1.411951754  -43.740560542  -10.182189153
   -1.376652961  -43.953425489   -1.991662248
   -1.341354167  -43.885062820    5.582142330
   -1.306055373  -43.576526674   11.504312969
   -1.270756579  -43.095961211   15.153519400
   -1.235457785  -42.525888818   16.606858593
   -1.200158991  -41.934447711   16.676947148
   -1.164860197  -41.344050300   16.746122575
   -1.129561404  -40.731272663   18.158261366
   -1.094262610  -40.035873804   21.281813287
   -1.058963816  -39.205834760   25.654435992
   -1.023665022  -38.218592361   30.126829757
   -0.988366228  -37.087391850   33.557368415
   -0.953067434  -35.858775433   35.698891380
   -0.917768640  -34.575474038   36.686972433
   -0.882469847  -33.269307268   36.986274434
   -0.847171053  -31.959830602   37.053743393
   -0.811872259  -30.650805658   36.947125028
   -0.776573465  -29.347500324   36.606531196
   -0.741274671  -28.062108231   36.059980699
   -0.705975877  -26.797664603   35.486974154
   -0.670677083  -25.540065423   35.912537485
   -0.635378289  -24.227562120   38.725227721
   -0.600079496  -22.761186550   44.723448829
   -0.564780702  -21.043889167   52.592692980
   -0.529481908  -19.061725703   58.966822711
   -0.494183114  -16.936326096   60.198838627
   -0.458884320  -14.889229766   54.558005063
   -0.423585526  -13.143265641   43.717058012
   -0.388286732  -11.812773583   31.667588276
   -0.352987939  -10.869202440   22.305806145
   -0.317689145  -10.185662125   16.928157130
   -0.282390351   -9.640235661   14.091040762
   -0.247091557   -9.186702613   11.421851604
   -0.211792763   -8.843245252    7.815771724
   -0.176493969   -8.630695990    4.400501889
   -0.141195175   -8.502432807    3.245514716
   -0.105896382   -8.357526304    5.320530452
   -0.070597588   -8.108793894    8.680434483
   -0.035298794   -7.774783803    9.485128268
    0.000000000   -7.502581020    4.995652124
    0.035298794   -7.477011439   -4.139551195
    0.070597588   -7.800329242  -13.883265455
    0.105896382   -8.410158358  -19.724796049
    0.141195175   -9.120240254  -19.585006474
    0.176493969   -9.741232522  -15.259960632
    0.211792763  -10.197744338  -11.033008170
    0.247091557  -10.568141409  -10.845552837
    0.282390351  -11.032408750  -16.379391072
    0.317689145  -11.776190121  -26.305965467
    0.352987939  -12.904222151  -37.517491023
    0.388286732  -14.395790129  -46.312259358
    0.423585526  -16.114866639  -50.120895140
    0.458884320  -17.871440455  -48.622924236
    0.494183114  -19.513433875  -44.227133532
    0.529481908  -21.009701540  -41.125151180
    0.564780702  -22.469177393  -42.482132944
    0.600079496  -24.055977314  -47.836914733
    0.635378289  -25.847501908  -53.192077064
    0.670677083  -27.750532397  -53.537467199
    0.705975877  -29.540778544  -46.793836278
    0.741274671  -31.001413610  -35.625848165
    0.776573465  -32.062006636  -24.973458287
    0.811872259  -32.813812758  -18.509029656
    0.847171053  -33.418620017  -16.326669239
    0.882469847  -33.987355243  -16.025964709
    0.917768640  -34.539867969  -15.087197929
    0.953067434  -35.029321766  -12.370646552
    0.988366228  -35.391908842   -8.019852899
    1.023665022  -35.578733264   -2.443865267
    1.058963816  -35.557286167    3.652234335
    1.094262610  -35.328905013    8.814786087
    1.129561404  -34.960292315   11.372994302
    1.164860197  -34.560745217   10.671545332
    1.200158991  -34.216431864    8.859961791
    1.235457785  -33.890330969   10.455963865
    1.270756579  -33.385148711   19.447914571
    1.306055373  -32.421245511   36.037124788
    1.341354167  -30.795846583   55.942790009
    1.376652961  -28.506092337   72.505119400
    1.411951754  -25.769759853   80.860167116
    1.447250548  -22.900408062   80.274353544
    1.482549342  -20.157974112   74.549106806
    1.517848136  -17.628752795   69.016014260
    1.553146930  -15.235038793   67.123868777
    1.588445724  -12.847269893   68.359144499
    1.623744518  -10.415251421   68.767208191
    1.659043311   -8.043959144   64.425882117
    1.694342105   -5.933149865   54.130995066
    1.729640899   -4.258626563   40.341269320
    1.764939693   -3.070702676   27.299139483
    1.800238487   -2.280858603   18.112394073
    1.835537281   -1.736231743   13.309365387
    1.870836075   -1.306397687   11.264918154
    1.906134868   -0.930924077    9.932022665
    1.941433662   -0.608421834    8.158776092
    1.976732456   -0.357677043    5.909017473
    2.012031250   -0.187455902    3.717687228
    2.047330044   -0.087346802    2.034359913
    2.082628838   -0.036069798    0.967409473
    2.117927632   -0.013150041    0.399108535
    2.153226425   -0.004232502    0.143398209
    2.188525219   -0.001202691    0.044992811
    2.223824013   -0.000220645   -0.009188807
    2.259122807   -0.000901699   -0.034368610
    2.294421601   -0.003253243   -0.112515046
    2.329720395   -0.010362346   -0.321809068
    2.365019189   -0.029139782   -0.802094074
    2.400317983   -0.072762802   -1.752611804
    2.435616776   -0.161072822   -3.339212112
    2.470915570   -0.315820209   -5.503734148
    2.506214364   -0.553945906   -7.956907040
    2.541513158   -0.875781842  -10.200019899
    2.576811952   -1.270895957  -12.138063107
    2.612110746   -1.737629800  -14.486647083
    2.647409540   -2.318025151  -18.847794734
    2.682708333   -3.111000150  -26.702219737
    2.718007127   -4.247139482  -38.150968249
    2.753305921   -5.825919330  -51.297610483
    2.788604715   -7.851842106  -62.910825722
    2.823903509  -10.215593615  -70.098381736
    2.859202303  -12.737921885  -71.922013282
    2.894501097  -15.245742208  -69.670366585
    2.929799890  -17.639731176  -65.906750460
    2.965098684  -19.908516200  -62.788623469
    3.000397478  -22.089283912  -60.901983195
    3.035696272  -24.214604422  -59.507846435
    3.070995066  -26.282090543  -57.364733501
    3.106293860  -28.245335219  -53.527371803
