#! FIELDS phi file.free der_phi
#! SET min_phi -pi
#! SET max_phi pi
#! SET nbins_phi  178
#! SET periodic_phi true
   -3.141592654   14.546756147  -42.265439355
   -3.106293860   13.055733183  -42.071886955
   -3.070995066   11.597710367  -40.309583434
   -3.035696272   10.230549951  -36.957088327
   -3.000397478    8.998798232  -32.920689145
   -2.965098684    7.907737396  -29.156306495
   -2.929799890    6.932938637  -26.344525670
   -2.894501097    6.040053678  -24.496044861
   -2.859202303    5.202214424  -23.152050575
   -2.823903509    4.410707026  -21.803815590
   -2.788604715    3.671540915  -20.142995297
   -2.753305921    3.000259891  -17.961069263
   -2.718007127    2.421611672  -14.809732287
   -2.682708333    1.974585679  -10.525017687
   -2.647409540    1.690121673   -5.776944311
   -2.612110746    1.562224106   -1.936187050
   -2.576811952    1.537077730   -0.134391182
   -2.541513158    1.539863979   -0.079965616
   -2.506214364    1.538101325   -0.020164260
   -2.470915570    1.566256825    1.810614844
   -2.435616776    1.697411894    5.732666324
   -2.400317983    1.985106841   10.191260843
   -2.365019189    2.409660565   13.255545137
   -2.329720395    2.896364283   13.669812052
   -2.294421601    3.348511848   11.208614469
   -2.259122807    3.675115341    6.810669065
   -2.223824013    3.830397067    1.856678257
   -2.188525219    3.834530172   -1.358928352
   -2.153226425    3.789778607   -0.648836764
   -2.117927632    3.843036577    3.907435477
   -2.082628838    4.081373287    9.263787956
   -2.047330044    4.462967764   11.268159694
   -2.012031250    4.829672619    8.519516042
   -1.976732456    5.040058387    3.047967489
   -1.941433662    5.058133107   -1.941638181
   -1.906134868    4.935526747   -4.930537146
   -1.870836075    4.726826652   -7.095681754
   -1.835537281    4.436957713   -9.687969538
   -1.800238487    4.053367597  -12.017898489
   -1.764939693    3.613522635  -12.680627445
   -1.729640899    3.183982416  -11.705384730
   -1.694342105    2.790761891  -11.058623965
   -1.659043311    2.381662280  -12.772298618
   -1.623744518    1.874516260  -16.225471057
   -1.588445724    1.261189548  -18.100548461
   -1.553146930    0.653654678  -15.747362283
   -1.517848136    0.206052020   -9.398556814
   -1.482549342    0.005453988   -2.510556127
   -1.447250548    0.000000000    1.433756705
   -1.411951754    0.066754974    1.743000622
   -1.376652961    0.117087387    0.949923764
   -1.341354167    0.167913489    2.124488857
   -1.306055373    0.307409618    5.817485313
   -1.270756579    0.592013390    9.991666271
   -1.235457785    0.997312169   12.295019772
   -1.200158991    1.446186050   12.722424568
   -1.164860197    1.907597982   13.539592836
   -1.129561404    2.443901933   17.127356256
   -1.094262610    3.165661928   23.924437129
   -1.058963816    4.150805300   31.536715878
   -1.023665022    5.372730593   36.933874394
   -0.988366228    6.721199978   38.615177468
   -0.953067434    8.070351869   37.279738253
   -0.917768640    9.346112997   34.651659929
   -0.882469847   10.526933010   32.067450198
   -0.847171053   11.626771118   30.186108735
   -0.811872259   12.684418817   29.802401077
   -0.776573465   13.770581385   32.070993174
   -0.741274671   14.988443044   37.101763549
   -0.705975877   16.411694025   43.139010893
   -0.670677083   18.017362139   46.992788799
   -0.635378289   19.678616377   45.977910980
   -0.600079496   21.220753378   40.642642430
   -0.564780702   22.543210779   34.331285350
   -0.529481908   23.688404863   30.971253308
   -0.494183114   24.800324341   32.658050687
   -0.458884320   26.044275526   37.967138608
   -0.423585526   27.490666445   43.553646282
   -0.388286732   29.091529218   46.373453940
   -0.352987939   30.721015179   45.024070644
   -0.317689145   32.233911517   39.904158979
   -0.282390351   33.514209845   32.114520098
   -0.247091557   34.488868429   22.845086249
   -0.211792763   35.133690806   13.753552699
   -0.176493969   35.493428495    7.109419149
   -0.141195175   35.688521256    4.529578779
   -0.105896382   35.863841243    5.725376201
   -0.070597588   36.104821913    7.481344448
   -0.035298794   36.354907113    5.571825849
    0.000000000   36.437754524   -1.781819591
    0.035298794   36.189493973  -12.499080914
    0.070597588   35.581773112  -21.335469669
    0.105896382   34.759583981  -24.220545428
    0.141195175   33.942254399  -21.515982273
    0.176493969   33.257518291  -17.674751654
    0.211792763   32.646121745  -18.111926030
    0.247091557   31.894130858  -25.762804297
    0.282390351   30.768388162  -38.434572621
    0.317689145   29.195582037  -50.056916482
    0.352987939   27.323543357  -54.588139942
    0.388286732   25.446777303  -50.557199657
    0.423585526   23.809728911  -41.953944400
    0.458884320   22.467933927  -34.789869804
    0.494183114   21.300068716  -32.356712625
    0.529481908   20.144974130  -33.576993130
    0.564780702   18.919267313  -35.862971698
    0.600079496   17.619255553  -37.858958514
    0.635378289   16.252217641  -39.675876183
    0.670677083   14.825134794  -41.002220555
    0.705975877   13.385467616  -40.039068411
    0.741274671   12.050282559  -34.987321858
    0.776573465   10.953146410  -27.206268350
    0.811872259   10.125154602  -20.351891224
    0.847171053    9.471122201  -17.591541762
    0.882469847    8.851101238  -17.819177928
    0.917768640    8.230940912  -16.775576039
    0.953067434    7.727110546  -11.056412851
    0.988366228    7.507108080   -1.206325365
    1.023665022    7.651496689    8.883677989
    1.058963816    8.096179891   15.460573650
    1.094262610    8.691925423   17.446079189
    1.129561404    9.297424756   16.355406403
    1.164860197    9.843023673   14.322105513
    1.200158991   10.335477467   13.657632453
    1.235457785   10.857169238   16.474623389
    1.270756579   11.557961317   23.850008471
    1.306055373   12.593059256   34.953635440
    1.341354167   14.041187647   46.646462660
    1.376652961   15.857929704   55.246193907
    1.411951754   17.900077448   59.643775649
    1.447250548   20.048318843   61.723456325
    1.482549342   22.274276825   64.495205871
    1.517848136   24.629080205   68.737664281
    1.553146930   27.136929392   72.872855601
    1.588445724   29.745581789   74.105759102
    1.623744518   32.329535170   71.491444768
    1.659043311   34.772856286   66.620214878
    1.694342105   37.049492569   62.610768808
    1.729640899   39.247390812   62.368206281
    1.764939693   41.524112697   67.102808714
    1.800238487   44.028560034   74.790761471
    1.835537281   46.790397853   80.886415804
    1.870836075   49.665902542   80.331351032
    1.906134868   52.362815161   70.787824850
    1.941433662   54.580778891   53.825472870
    1.976732456   56.146430745   35.032455785
    2.012031250   57.116110805   21.051262147
    2.047330044   57.746192353   16.136357897
    2.082628838   58.358430037   19.492820597
    2.117927632   59.161428293   25.844865676
    2.153226425   60.141421607   28.473940064
    2.188525219   61.081444787   23.302239793
    2.223824013   61.697859179   10.498456010
    2.259122807   61.780735398   -6.020661432
    2.294421601   61.286119123  -21.488782890
    2.329720395   60.317896035  -32.477969843
    2.365019189   59.056815882  -38.165294592
    2.400317983   57.667095877  -40.145538777
    2.435616776   56.232441864  -41.177208524
    2.470915570   54.745501299  -43.486874168
    2.506214364   53.146276282  -47.292905335
    2.541513158   51.404459886  -51.242709789
    2.576811952   49.548318166  -53.458781630
    2.612110746   47.656970269  -53.292799761
    2.647409540   45.798904642  -51.929599051
    2.682708333   43.977450354  -51.581639762
    2.718007127   42.122206859  -54.074285138
    2.753305921   40.119818377  -59.889653363
    2.788604715   37.860974521  -68.523738997
    2.823903509   35.272106661  -78.096455710
    2.859202303   32.369101123  -85.726167321
    2.894501097   29.281411175  -88.162149632
    2.929799890   26.231210859  -83.460811995
    2.965098684   23.460160390  -72.859572831
    3.000397478   21.112749306  -60.207326236
    3.035696272   19.183593334  -49.815835112
    3.070995066   17.542895170  -43.939661903
    3.106293860   16.033280622  -42.121100742
